$ANSIBLE_VAULT;1.1;AES256
32316664336336373066383435383162323533393333666264316662663030366662663865363336
3637613232613139396662393139303136303033653431300a323137633764313164373831326264
33366363646538396332303466613030336535353036643238383166356632393662383466333264
3537663230326564300a373336373061323030616266666430666163623864373364303165613034
37393062663534386161303362613166663934663736653439646335633535613235393762343666
62636638636431393236363430653763303062346531613533323664316138343134383437306661
37626461313130373961393830646364643430383135346233303138666531326236616139323933
62393066323532646562636537376564353366393734326533613066326139326431623962386166
31636464393737383437636565636464646233316135393833656466326434383063306363366335
37353732323465373131636133343562383162363765613739336531643034303962623163316163
66326239316533303361346264633831333766353538363163613530656239323863333633313532
32663339396639633131363561633664613931323930336536313338303537366635303862633933
37646635303366653234336466333836323364666535313063386264313964346639323265326637
33393230353364666266636132396231383161363663373863366466663631366461613432316261
34613633643732666234373835396530663837363033626530303231666633343134353834333365
36316238366235353763356230636535353638313536363635356239323161616666333864316163
37633563366665623963656531663436666132313466653337656432353939333534373238353830
39323236643537373533383436323938336463376362313366663864373766656164303133653030
62306364333430666334343437653633613936613538626539353162666366376135343237613034
38616165623130346461386265643365613063633564643438613363353836383535313165333366
39373032643133356535373935386235393966616361336638373231343664333961386234313161
34616438616636343334366538356231643737383066343738393665613634333639636139393935
66653639396363373331396230356335316137323662623137393338346138313230623038333965
36656533356363323537666138316662653862336439343433323565376466306133636362363835
32303463313332393462313666383339666461363034333032336133373264633961636531636330
30333061366132643336623263346332656435656465363330623761613838666662643132626538
32613035643165363963663530646264303662373830333862613832633137393530383832623431
35626338383564303266
